0 0 0 0 0 5 0 7 0
1 0 0 0 0 0 0 4 9
5 7 2 0 0 0 0 0 0
0 0 8 0 6 0 0 0 7
0 0 0 0 0 2 3 0 6
9 0 0 5 0 7 0 0 0
7 0 0 0 0 9 0 0 5
0 9 0 0 5 0 0 0 0
0 0 0 0 0 3 0 2 8
0
0
0
0
0
0
0
0
0
0
0
0
0
0
0
0
0
0
0
0
0
0
0
0
0
0
0
0
0
0
0
0
0
0
0
0
0
0
0
0
0
0
0
0
0
0
0
0
0
0
0
0
0
0
0
0
8 4 9 3 1 5 6 7 2
1 3 6 2 7 8 5 4 9
5 7 2 4 9 6 8 3 1
3 2 8 9 6 4 1 5 7
4 5 7 1 8 2 3 9 6
9 6 1 5 3 7 2 8 4
7 8 3 6 2 9 4 1 5
2 9 4 8 5 1 7 6 3
6 1 5 7 4 3 9 2 8
8 4 9 3 1 5 6 7 2
1 3 6 2 7 8 5 4 9
5 7 2 4 9 6 8 3 1
3 2 8 9 6 4 1 5 7
4 5 7 1 8 2 3 9 6
9 6 1 5 3 7 2 8 4
7 8 3 6 2 9 4 1 5
2 9 4 8 5 1 7 6 3
6 1 5 7 4 3 9 2 8
